[3, 6, 7, 10, 15, 18, 19, 22]
[[], [], [], [], [], [18], [], []]
[[], [], [], [], [], [], [], []]
[51, 123, 219, 555, 651, 819, 891, 963, 1275, 1635, 1899, 1971, 2067, 2499, 2571, 3339, 3483, 5091, 5667, 7251, 7515, 9027, 9627, 11475, 12867, 13563, 15555, 15675, 24243, 24747, 27099, 27939, 30891, 45915, 53715, 55539, 64275, 71619, 94731, 109755, 163515]
[30, 78, 126, 198, 270, 414, 510, 534, 750, 942, 1206, 1374, 1422, 1446, 1614, 1878, 2046, 2430, 2766, 2958, 3726, 4446, 5262, 5574, 5982, 6294, 6750, 8766, 8814, 11454, 11622, 12030, 14310, 14646, 15630, 16494, 16830, 17574, 18006, 18510, 18558, 20910, 21870, 22974, 24126, 25134, 26742, 27750, 30990, 31950, 34350, 42270, 43950, 45798, 51774, 52830, 53022, 54246, 78990, 86550, 100206, 106110, 111630, 142230, 214110, 247230, 254622]
[991, 3319, 6535, 6631, 14335]
[634, 970, 1330, 1954, 2074, 3154, 3490]
[135, 591, 639, 807, 975, 1047, 1479, 1911, 2079, 2151, 2487, 3159, 5151, 8775, 9039, 9711, 11655, 12495, 12735, 13335, 13575, 15087, 16431, 19455, 20295, 21735, 22647, 29799, 30207, 30375, 30879, 33255, 35919, 36591, 58935, 66399, 80271, 83535, 89055, 101511, 118575, 122775, 429039]
[186, 786, 1074, 1266, 1506, 2034, 2130, 2370, 2394, 2514, 2754, 3090, 3234, 3474, 3642, 4650, 4890, 5370, 5730, 5994, 7338, 7410, 7650, 7914, 8226, 8346, 9066, 9954, 10578, 11874, 13554, 14322, 14394, 17154, 22338, 23610, 31530, 38586, 40290, 40314, 43170, 45066, 46290, 46530, 54618, 55050, 58410, 59922, 102978, 116922, 127530, 154722, 156234, 205122, 209610]
[211, 2179, 3571, 4579, 6787, 11755, 14515]
[46, 526, 646, 2206, 2878, 6094, 7102, 7270, 10294, 11230, 18670]
